2.0 0.44000000000000006
3.0 0.44800000000000006
4.0 0.44800000000000006
5.0 0.44800000000000006
6.0 0.44800000000000006
7.0 0.44800000000000006
8.0 0.44800000000000006
9.0 0.44800000000000006
10.0 0.44800000000000006
11.0 0.44800000000000006
12.0 0.44800000000000006
13.0 0.44800000000000006
14.0 0.44800000000000006
15.0 0.44800000000000006
16.0 0.44800000000000006
17.0 0.44800000000000006
18.0 0.44800000000000006
19.0 0.44800000000000006
20.0 0.44800000000000006
21.0 0.44800000000000006
22.0 0.44800000000000006
23.0 0.44800000000000006
24.0 0.44800000000000006
25.0 0.44800000000000006
26.0 0.44800000000000006
27.0 0.44800000000000006
28.0 0.44800000000000006
29.0 0.44800000000000006
30.0 0.44800000000000006
31.0 0.44800000000000006
32.0 0.44800000000000006
33.0 0.44800000000000006
34.0 0.44800000000000006
35.0 0.44800000000000006
36.0 0.44800000000000006
37.0 0.44800000000000006
38.0 0.44800000000000006
39.0 0.44800000000000006
40.0 0.44800000000000006
41.0 0.44800000000000006
42.0 0.44800000000000006
43.0 0.44800000000000006
44.0 0.44800000000000006
45.0 0.44800000000000006
46.0 0.44800000000000006
47.0 0.44800000000000006
48.0 0.44800000000000006
49.0 0.44800000000000006
