1.0 0
2.0 1.1004399999999963
3.0 2.2208879999999995
4.0 3.3413360000000027
5.0 4.461784
6.0 5.582231999999996
7.0 6.702679999999992
8.0 7.823127999999988
9.0 8.943576000000027
10.0 10.064024000000066
11.0 11.184472000000104
12.0 12.304920000000143
13.0 13.425368000000182
14.0 14.54581600000022
15.0 15.66626400000026
16.0 16.786712000000435
17.0 17.907160000000445
18.0 19.027608000000455
19.0 20.148056000000466
20.0 21.268504000000476
21.0 22.388952000000486
22.0 23.509400000000497
23.0 24.629848000000507
24.0 25.750296000000517
25.0 26.870744000000528
26.0 27.991192000000538
27.0 29.11164000000055
28.0 30.23208800000056
29.0 31.35253600000057
30.0 32.47298400000054
31.0 33.59343200000043
32.0 34.71388000000033
33.0 35.834328000000454
34.0 36.95477600000058
35.0 38.0752240000007
36.0 39.195672000000826
37.0 40.31612000000095
38.0 41.436568000001074
39.0 42.5570160000012
40.0 43.67746400000132
41.0 44.797912000001446
42.0 45.91836000000157
43.0 47.038808000001694
44.0 48.15925600000182
45.0 49.27970400000194
46.0 50.400152000002066
47.0 51.52060000000219
48.0 52.641048000002314
49.0 53.76149600000244
