2.0 0.990990990990991
3.0 0.9955156950672646
4.0 0.9970149253731343
5.0 0.9977628635346756
6.0 0.998211091234347
7.0 0.9985096870342772
8.0 0.9987228607918263
9.0 0.9988826815642458
10.0 0.9990069513406157
11.0 0.9991063449508489
12.0 0.9991876523151909
13.0 0.9992553983618764
14.0 0.9993127147766323
15.0 0.9993618379068283
16.0 0.9994044073853484
17.0 0.9994416527079844
18.0 0.999474513925381
19.0 0.9995037220843672
20.0 0.999529854254819
21.0 0.9995533720410897
22.0 0.9995746490854955
23.0 0.9995939910678034
24.0 0.9996116504854369
25.0 0.9996278377372534
26.0 0.9996427295462665
27.0 0.9996564754379939
28.0 0.9996692027786966
29.0 0.9996810207336523
30.0 0.9996920234062211
31.0 0.9997022923489134
32.0 0.9997118985883031
33.0 0.9997209042701647
34.0 0.9997293640054127
35.0 0.9997373259784608
36.0 0.999744832865527
37.0 0.9997519225998511
38.0 0.9997586290127927
39.0 0.9997649823736781
40.0 0.9997710098465766
41.0 0.9997767358785443
42.0 0.999782182531039
43.0 0.9997873697639804
44.0 0.9997923156801661
45.0 0.9997970367363507
46.0 0.9998015479261758
47.0 0.9998058629392351
48.0 0.999809994299829
49.0 0.9998139534883721
