1.0 0
2.0 2.6066400000000094
3.0 5.413040000000006
4.0 8.219439999999999
5.0 11.036159999999938
6.0 13.842559999999878
7.0 16.648959999999818
8.0 19.455359999999757
9.0 22.261759999999754
10.0 25.07847999999975
11.0 27.884879999999747
12.0 30.691279999999743
13.0 33.49767999999989
14.0 36.30408000000017
15.0 39.12080000000045
16.0 41.92720000000073
17.0 44.733600000000955
18.0 47.540000000001186
19.0 50.34640000000145
20.0 53.16312000000169
21.0 55.96952000000194
22.0 58.77592000000217
23.0 61.58232000000241
24.0 64.3887200000026
25.0 67.20544000000231
26.0 70.01184000000202
27.0 72.81824000000174
28.0 75.62464000000146
29.0 78.43104000000118
30.0 81.23744000000089
31.0 84.05416000000059
32.0 86.8605600000003
33.0 89.66696000000091
34.0 92.47336000000153
35.0 95.27976000000216
36.0 98.09648000000277
37.0 100.90288000000339
38.0 103.709280000004
39.0 106.5156800000046
40.0 109.32208000000522
41.0 112.13880000000583
42.0 114.94520000000642
43.0 117.75160000000704
44.0 120.55800000000768
45.0 123.36440000000829
46.0 126.18112000000892
47.0 128.98752000000977
48.0 131.79392000001147
49.0 134.6003200000128
49.16128 134.83472000001296
