1.0 0.0
2.0 0.4976635514018692
3.0 0.4938956714761376
4.0 0.49308084486525855
5.0 0.4932249322493225
6.0 0.4926660914581536
7.0 0.49229666786098175
8.0 0.49218510573092245
9.0 0.4919700214132762
10.0 0.4921577946768061
11.0 0.49209401709401707
12.0 0.4919464389675917
13.0 0.49182367579097047
14.0 0.4917199540908346
15.0 0.4918581646629128
16.0 0.4918358653982678
17.0 0.49175093134646086
18.0 0.49167605457504066
19.0 0.491609548570078
20.0 0.4917170360420864
21.0 0.4917074207952371
22.0 0.4916489523231096
23.0 0.49159582689335396
24.0 0.4915473441108545
25.0 0.49167847025495753
26.0 0.4916305548474807
27.0 0.4915863421009639
28.0 0.49154541879669683
29.0 0.49150743099787686
30.0 0.49150805270863834
31.0 0.4915793942824795
32.0 0.4915439917836357
33.0 0.49151081045231465
34.0 0.49151125401929263
35.0 0.49148099606815204
36.0 0.4915726931005214
37.0 0.4915424058466435
38.0 0.4915137614678899
39.0 0.49148662982191704
40.0 0.49146089415859895
41.0 0.49151553717255275
42.0 0.4915157785825142
43.0 0.4914911882038075
44.0 0.4914677451173802
45.0 0.49144537086124634
46.0 0.4914942745393714
47.0 0.4914949522887567
48.0 0.4914734277722638
49.0 0.491452802685631
