1.0 1.0
2.0 0.5023364485981309
3.0 0.5061043285238623
4.0 0.5069191551347414
5.0 0.5067750677506775
6.0 0.5073339085418465
7.0 0.5077033321390183
8.0 0.5078148942690776
9.0 0.5080299785867237
10.0 0.5078422053231939
11.0 0.5079059829059829
12.0 0.5080535610324083
13.0 0.5081763242090295
14.0 0.5082800459091654
15.0 0.5081418353370872
16.0 0.5081641346017323
17.0 0.5082490686535391
18.0 0.5083239454249593
19.0 0.508390451429922
20.0 0.5082829639579136
21.0 0.5082925792047629
22.0 0.5083510476768903
23.0 0.5084041731066461
24.0 0.5084526558891455
25.0 0.5083215297450425
26.0 0.5083694451525194
27.0 0.5084136578990361
28.0 0.5084545812033032
29.0 0.5084925690021231
30.0 0.5084919472913616
31.0 0.5084206057175206
32.0 0.5084560082163643
33.0 0.5084891895476854
34.0 0.5084887459807074
35.0 0.508519003931848
36.0 0.5084273068994786
37.0 0.5084575941533566
38.0 0.5084862385321101
39.0 0.508513370178083
40.0 0.508539105841401
41.0 0.5084844628274472
42.0 0.5084842214174857
43.0 0.5085088117961925
44.0 0.5085322548826199
45.0 0.5085546291387537
46.0 0.5085057254606287
47.0 0.5085050477112433
48.0 0.5085265722277361
49.0 0.508547197314369
