2.00064 0.7491200000000001
3.00104 0.9984
4.00144 0.9984
5.00216 1.00672
6.00256 0.9984
7.00296 0.9984
8.00336 0.9984
9.00408 1.00672
10.00448 0.9984
11.00488 0.9984
12.00528 0.9984
13.006 1.00672
14.0064 0.9984
15.0068 0.9984
16.0072 0.9984
17.00792 1.00672
18.00832 0.9984
19.00872 0.9984
20.00912 0.9984
21.00984 1.00672
22.01024 0.9984
23.01064 0.9984
24.01104 0.9984
25.01176 1.00672
26.01216 0.9984
27.01256 0.9984
28.01296 0.9984
29.01368 1.00672
30.01408 0.9984
31.01448 0.9984
32.01488 0.9984
33.0156 1.00672
34.016 0.9984
35.0164 0.9984
36.0168 0.9984
37.01752 1.00672
38.01792 0.9984
39.01832 0.9984
40.01872 0.9984
41.01944 1.00672
42.01984 0.9984
43.02024 0.9984
44.02064 0.9984
45.02136 1.00672
46.02176 0.9984
47.02216 0.9984
48.02256 0.9984
49.02328 1.00672
