1.0 0
2.00064 10.380239999999986
3.00104 26.63303999999989
4.00144 42.88584000000007
5.00216 59.274080000000396
6.00256 75.52688000000072
7.00296 91.77968000000104
8.00336 108.03248000000136
9.00408 124.42072000000168
10.00448 140.67352000000068
11.00488 156.9263199999993
12.00528 173.1791199999979
13.006 189.5673599999965
14.0064 205.82015999999513
15.0068 222.07295999999374
16.0072 238.32575999999236
17.00792 254.71399999999161
18.00832 270.96679999999344
19.00872 287.21959999999547
20.00912 303.4723999999975
21.00984 319.86063999999953
22.01024 336.11344000000156
23.01064 352.3662400000036
24.01104 368.6190400000056
25.01176 385.00728000000765
26.01216 401.2600800000097
27.01256 417.5128800000117
28.01296 433.76568000001373
29.01368 450.1539200000158
30.01408 466.4067200000178
31.01448 482.6595200000198
32.01488 498.91232000002185
33.0156 515.3005600000239
34.016 531.5533600000259
35.0164 547.806160000028
36.0168 564.05896000003
37.01752 580.447200000032
38.01792 596.700000000034
39.01832 612.9528000000361
40.01872 629.2056000000381
41.01944 645.5938400000401
42.01984 661.8466400000422
43.02024 678.0994400000442
44.02064 694.3522400000462
45.02136 710.7404800000483
46.02176 726.9932800000503
47.02216 743.2460800000523
48.02256 759.4988800000543
49.02328 775.8871200000564
