1.0 0.0
2.00064 0.8504672897196262
3.00104 0.9295154185022027
4.00144 0.9538904899135446
5.00216 0.9658119658119658
6.00256 0.9727891156462585
7.00296 0.9774011299435028
8.00336 0.9806763285024155
9.00408 0.9831401475237092
10.00448 0.9850327408793265
11.00488 0.9865433137089992
12.00528 0.9877769289533995
13.006 0.9888111888111888
14.0064 0.9896774193548387
15.0068 0.9904191616766467
16.0072 0.9910614525139665
17.00792 0.9916274201988488
18.00832 0.9921221073362876
19.00872 0.9925615992561599
20.00912 0.9929546455306033
21.00984 0.9933110367892977
22.01024 0.9936305732484076
23.01064 0.993920972644377
24.01104 0.9941860465116279
25.01176 0.9944309084580578
26.01216 0.9946541931172737
27.01256 0.9948602634115001
28.01296 0.9950510361892979
29.01368 0.9952295766249255
30.01408 0.9953943580886586
31.01448 0.9955481357818586
32.01488 0.9956919763058697
33.0156 0.9958279009126467
34.016 0.9959544879898862
35.0164 0.9960736196319019
36.0168 0.9961859356376639
37.01752 0.9962928637627433
38.01792 0.9963931469792606
39.01832 0.9964881474978051
40.01872 0.9965782720273738
41.01944 0.9966645820304357
42.01984 0.9967459833231646
43.02024 0.9968235060551915
44.02064 0.9968974209811906
45.02136 0.9969685486926866
46.02176 0.9970359392367544
47.02216 0.9971003986951794
48.02256 0.9971621142249024
49.02328 0.9977414871438499
