2.00064 7.491200000000001
3.00104 9.984
4.00144 9.984
5.00216 10.067200000000001
6.00256 9.984
7.00296 9.984
8.00336 9.984
9.00408 10.067200000000001
10.00448 9.984
11.00488 9.984
12.00528 9.984
13.006 10.067200000000001
14.0064 9.984
15.0068 9.984
16.0072 9.984
17.00792 10.067200000000001
18.00832 9.984
19.00872 9.984
20.00912 9.984
21.00984 10.067200000000001
22.01024 9.984
23.01064 9.984
24.01104 9.984
25.01176 10.067200000000001
26.01216 9.984
27.01256 9.984
28.01296 9.984
29.01368 10.067200000000001
30.01408 9.984
31.01448 9.984
32.01488 9.984
33.0156 10.067200000000001
34.016 9.984
35.0164 9.984
36.0168 9.984
37.01752 10.067200000000001
38.01792 9.984
39.01832 9.984
40.01872 9.984
41.01944 10.067200000000001
42.01984 9.984
43.02024 9.984
44.02064 9.984
45.02136 10.067200000000001
46.02176 9.984
47.02216 9.984
48.02256 9.984
49.02328 10.067200000000001
