1.0 0
2.0 4.535999999999991
3.0 9.23999999999997
4.0 13.94399999999995
5.0 18.648000000000053
6.0 23.35200000000023
7.0 28.05600000000041
8.0 32.76000000000059
9.0 37.464000000000766
10.0 42.168000000000944
11.0 46.87200000000112
12.0 51.5760000000013
13.0 56.28000000000148
14.0 60.98400000000166
15.0 65.68800000000184
16.0 70.39200000000201
17.0 75.09600000000219
18.0 79.80000000000237
19.0 84.50400000000255
20.0 89.20800000000273
21.0 93.9120000000029
22.0 98.61600000000308
23.0 103.32000000000326
24.0 108.02400000000344
25.0 112.72800000000362
26.0 117.4320000000038
27.0 122.13600000000397
28.0 126.84000000000415
29.0 131.54400000000433
30.0 136.2480000000045
31.0 140.9520000000047
32.0 145.65600000000487
33.0 150.36000000000504
34.0 155.06400000000522
35.0 159.7680000000054
36.0 164.47200000000558
37.0 169.17600000000576
38.0 173.88000000000594
39.0 178.5840000000061
40.0 183.2880000000063
41.0 187.99200000000647
42.0 192.69600000000665
43.0 197.40000000000683
44.0 202.104000000007
45.0 206.80800000000718
46.0 211.51200000000736
47.0 216.21600000000754
48.0 220.92000000000772
49.0 225.6240000000079
