1.0 0.0
2.0 0.9557522123893806
3.0 0.9777777777777777
4.0 0.9851632047477745
5.0 0.9888641425389755
6.0 0.9910873440285205
7.0 0.9925705794947994
8.0 0.9936305732484076
9.0 0.9944258639910813
10.0 0.9950445986124876
11.0 0.9955396966993756
12.0 0.9959448499594485
13.0 0.9962825278810409
14.0 0.9965682910089224
15.0 0.9968132568514978
16.0 0.9970255800118977
17.0 0.9972113775794758
18.0 0.9973753280839895
19.0 0.9975210708973723
20.0 0.9976514795678723
21.0 0.99776885319054
22.0 0.9978750531236719
23.0 0.9979716024340771
24.0 0.9980597594101669
25.0 0.9981405727036073
26.0 0.9982149232416994
27.0 0.9982835564709921
28.0 0.9983471074380166
29.0 0.9984061204972904
30.0 0.9984610649430594
31.0 0.9985123475156203
32.0 0.9985603224877627
33.0 0.99860529986053
34.0 0.9986475520692454
35.0 0.9986873195064321
36.0 0.9987248150981892
37.0 0.9987602281180263
38.0 0.9987937273823885
39.0 0.998825463941743
40.0 0.9988555733577478
41.0 0.9988841776389199
42.0 0.9989113868930982
43.0 0.9989373007438895
44.0 0.9989620095495122
45.0 0.9989855954554676
46.0 0.9990081333068835
47.0 0.9990296914418785
48.0 0.9990503323836657
49.0 0.9990701134461596
