1.0 0.0
2.0 0.0
3.0 0.0
4.0 0.0
5.0 0.0
6.00016 0.0
7.00048 0.0
8.00064 0.0
9.00064 0.0
10.00072 0.0
11.00096 0.0
12.00104 0.0
13.0012 0.0
14.00128 0.0
15.00136 0.0
16.00144 0.0
17.00144 0.0
18.00152 0.0
19.0016 0.0
20.00168 0.0
21.00176 0.0
22.00176 0.0
23.00176 0.0
24.00192 0.0
25.00192 0.0
26.002 0.0
27.00208 0.0
28.00208 0.0
29.00224 0.0
30.00232 0.0
31.00232 0.0
32.0024 0.0
33.00248 0.0
34.00256 0.0
35.00264 0.0
36.00272 0.0
37.00272 0.0
38.0028 0.0
39.0028 0.0
40.00296 0.0
41.00296 0.0
42.00304 0.0
43.00304 0.0
44.00304 0.0
45.00328 0.0
46.00328 0.0
47.00328 0.0
48.00344 0.0
49.00344 0.0
