1.0 0.0
2.00064 0.0
3.00104 0.0
4.00144 0.0
5.00216 0.0
6.00256 0.0
7.00296 0.0
8.00336 0.0
9.00408 0.0
10.00448 0.0
11.00488 0.0
12.00528 0.0
13.006 0.0
14.0064 0.0
15.0068 0.0
16.0072 0.0
17.00792 0.0
18.00832 0.0
19.00872 0.0
20.00912 0.0
21.00984 0.0
22.01024 0.0
23.01064 0.0
24.01104 0.0
25.01176 0.0
26.01216 0.0
27.01256 0.0
28.01296 0.0
29.01368 0.0
30.01408 0.0
31.01448 0.0
32.01488 0.0
33.0156 0.0
34.016 0.0
35.0164 0.0
36.0168 0.0
37.01752 0.0
38.01792 0.0
39.01832 0.0
40.01872 0.0
41.01944 0.0
42.01984 0.0
43.02024 0.0
44.02064 0.0
45.02136 0.0
46.02176 0.0
47.02216 0.0
48.02256 0.0
49.02328 0.0
