1.0 0.0
2.00064 0.8589211618257261
3.00104 0.9273858921161826
4.00144 0.9515235457063712
5.00216 0.9636552440290758
6.00256 0.971737323358271
7.00296 0.9757617728531855
8.00336 0.9792161520190024
9.00408 0.9818181818181818
10.00448 0.9842956120092379
11.00488 0.985453034081463
12.00528 0.9867724867724867
13.006 0.9878766886040873
14.0064 0.9891269587464023
15.0068 0.9896080760095012
16.0072 0.99029933481153
17.00792 0.9909067290205248
18.00832 0.99168500855955
19.00872 0.9919168591224018
20.00912 0.9923413566739606
21.00984 0.9927250051964248
22.01024 0.9932686596713522
23.01064 0.9933862433862434
24.01104 0.9936731742588576
25.01176 0.9939372943010566
26.01216 0.994345584566772
27.01256 0.994403581707707
28.01296 0.9946104096088697
29.01368 0.9948032665181886
30.01408 0.9951254480286739
31.01448 0.9951496674057649
32.01488 0.9953057939914163
33.0156 0.9954527738079771
34.016 0.9957162655915334
35.0164 0.995720224993886
36.0168 0.9958422428130197
37.01752 0.9959579628132579
38.01792 0.9961793459939319
39.01832 0.9961706783369803
40.01872 0.996268656716418
41.01944 0.9963621245192807
42.01984 0.9965520738261839
43.02024 0.9965353395367254
44.02064 0.9966157416360472
45.02136 0.9966928092223377
46.02176 0.9968585419939019
47.02216 0.9968365871294288
48.02256 0.9969037508846426
49.02328 0.9974867839500823
