1.0 0.0
2.0 0.4646090534979424
3.0 0.478380991849703
4.0 0.48584791549068623
5.0 0.49245775206986503
6.00016 0.4935911457194103
7.00048 0.49379325105229366
8.00064 0.4956694334175388
9.00064 0.49637634101358546
10.00072 0.496049286581316
11.00096 0.49699214274021936
12.00104 0.4975244781082579
13.0012 0.4972514501551329
14.00128 0.49760446546243897
15.00136 0.49797141341591045
16.00144 0.4978784725002001
17.00144 0.49804024365887756
18.00152 0.49837194593454986
19.0016 0.498294419605895
20.00168 0.4984282148489311
21.00176 0.4985493756869424
22.00176 0.4985408743457469
23.00176 0.4986217980372967
24.00192 0.49879503606315556
25.00192 0.4987075438409335
26.002 0.4987796812999937
27.00208 0.4989487536302033
28.00208 0.4988435017892991
29.00224 0.4988679615597597
30.00232 0.4990733601179606
31.00232 0.4989941477688369
32.0024 0.4989387775728327
33.00248 0.4991710865189916
34.00256 0.4991347020055948
35.00264 0.49899391751273414
36.00272 0.49922113596900175
37.00272 0.4992622168214565
38.0028 0.4990953353061881
39.0028 0.4992271786629421
40.00296 0.4993648856794223
41.00296 0.4991618178805688
42.00304 0.4992228311761155
43.00304 0.4994340900446234
44.00304 0.4992618622807097
45.00328 0.4992389919297749
46.00328 0.49943990069590716
47.00328 0.4993867780897926
48.00344 0.499244753624148
49.00344 0.49946725977061784
