1.0 0.0
2.0 1.5251677852348993
3.0 1.4205776173285198
4.0 1.3629655657062545
5.0 1.339454094292804
6.00016 1.32751677852349
7.00048 1.3189628241174634
8.00064 1.3135962020308585
9.00064 1.3089458689458688
10.00072 1.3067496986741662
11.00096 1.3039770176856091
12.00104 1.3019464720194647
13.0012 1.3006734255901724
14.00128 1.2989725794379805
15.00136 1.2976205463930506
16.00144 1.2967843964153927
17.00144 1.296180612636309
18.00152 1.2950465511033382
19.0016 1.2947307188908819
20.00168 1.2942174531113864
21.00176 1.2930817063095186
22.00176 1.2929259519576632
23.00176 1.2925175431680203
24.00192 1.2922584290826897
25.00192 1.2914549320647277
26.002 1.291601839366594
27.00208 1.2910673354815134
28.00208 1.2906163136202435
29.00224 1.2906046053441695
30.00232 1.2903149138443255
31.00232 1.2900060256520616
32.0024 1.289784707579625
33.00248 1.2898640296662547
34.00256 1.2893297922199656
35.00264 1.2891739690396222
36.00272 1.2891264897738977
37.00272 1.2888364555031222
38.0028 1.288763237781846
39.0028 1.2886077091368382
40.00296 1.2884636509436034
41.00296 1.288323199451914
42.00304 1.288240698208544
43.00304 1.2881801508049724
44.00304 1.2879369690217066
45.00328 1.2879633048920331
46.00328 1.2878016340490215
47.00328 1.2877397056637432
48.00344 1.2876881681332266
49.00344 1.287667087909154
