1.0 0.0
2.0 0.0
3.0 0.0
4.0 0.0
5.00008 10.0
6.00008 10.0
7.00008 10.0
8.00008 20.0
9.00008 20.0
10.00008 20.0
11.00016 20.0
12.00024 20.0
13.00024 20.0
14.0004 20.0
15.0004 20.0
16.00048 20.0
17.00056 20.0
18.00056 20.0
19.00056 20.0
20.00056 20.0
21.00064 20.0
22.00064 20.0
23.0012 20.0
24.00128 20.0
25.00136 20.0
26.00144 54.0
27.00144 109.0
28.00152 110.0
29.0016 110.0
30.00168 110.0
31.00168 110.0
32.00168 110.0
33.00184 110.0
34.00192 110.0
35.002 110.0
36.002 110.0
37.002 110.0
38.00216 110.0
39.00224 110.0
40.00232 110.0
41.00256 110.0
42.00256 110.0
43.00264 110.0
44.00264 110.0
45.00264 110.0
46.00272 110.0
47.00272 110.0
48.0028 110.0
49.00288 110.0
