1.0 0.0
2.0 0.4534340964658813
3.0 0.47471085793198686
4.0 0.4846420015970189
5.00008 0.4886945803320365
6.00008 0.49120743220824664
7.00008 0.4929731069525344
8.00008 0.4939946572432216
9.00008 0.49481107944164293
10.00008 0.4953892863487347
11.00016 0.4958767361111111
12.00024 0.49628532868617253
13.00024 0.49652719565061193
14.0004 0.496807701214066
15.0004 0.4970573209359354
16.00048 0.4972544466544219
17.00056 0.497394232568084
18.00056 0.49759740151020476
19.00056 0.49777707584790937
20.00056 0.4978516398526412
21.00064 0.4979720339223417
22.00064 0.4980804911783558
23.0012 0.498175734371481
24.00128 0.4982442762174761
25.00136 0.49832151523004076
26.00144 0.4983555234069486
27.00144 0.49844414395334063
28.00152 0.498534030866359
29.0016 0.4985719970382161
30.00168 0.4986146487526978
31.00168 0.49866377346615753
32.00168 0.49866644857307724
33.00184 0.49872180153383816
34.00192 0.49879303285680165
35.002 0.4988330905720339
36.002 0.4988467504078566
37.002 0.4988713053802412
38.00216 0.4988944945066634
39.00224 0.4989460448947894
40.00232 0.49899850857031697
41.00256 0.4990185647519023
42.00256 0.4990221899520171
43.00264 0.49903566856413223
44.00264 0.4990452502423596
45.00264 0.4990782792845661
46.00272 0.4990895258050837
47.00272 0.49912012906806874
48.0028 0.49916142432525995
49.00288 0.499168806733688
