1.0 0.0
2.0 0.7026548672566372
3.0 0.770867817450934
4.0 0.8
5.00008 0.8142147332037157
6.00008 0.8226149010279501
7.00008 0.8278493419210305
8.00008 0.8320038099773782
9.00008 0.8344724034379207
10.00008 0.8362728480461771
11.00016 0.8380021358744763
12.00024 0.8395875214057033
13.00024 0.8405269249097964
14.0004 0.8416496785322252
15.0004 0.8422674418604651
16.00048 0.8430161696595434
17.00056 0.8436136755605154
18.00056 0.8441604882351539
19.00056 0.8447488584474886
20.00056 0.8451106048670399
21.00064 0.8453999878760937
22.00064 0.8457721966885252
23.0012 0.8460762372968412
24.00128 0.8463278222907937
25.00136 0.8465258420928905
26.00144 0.8467537908696843
27.00144 0.8471105741678671
28.00152 0.8472592835527198
29.0016 0.8474072158282685
30.00168 0.8475511675633701
31.00168 0.8477721943048576
32.00168 0.8479639064991638
33.00184 0.8481473575832151
34.00192 0.8482060269704493
35.002 0.8482622610092231
36.002 0.8483892794476874
37.002 0.8486355123517346
38.00216 0.8487247332350134
39.00224 0.8487913015940041
40.00232 0.8488086301045855
41.00256 0.8489885117388777
42.00256 0.848981148310388
43.00264 0.8490924360124444
44.00264 0.8492013196398949
45.00264 0.849219141283067
46.00272 0.8493042138907931
47.00272 0.8493995314690795
48.0028 0.8494367085371466
49.00288 0.8494814740653601
