2.00024 1.66432
3.000596 1.88864
4.000688 1.88032
5.001044 1.88864
6.001136 1.88032
7.001492 1.88864
8.001584 1.88032
9.00194 1.88864
10.002032 1.88032
11.002388 1.88864
12.00248 1.88032
13.002836 1.88864
14.002928 1.88032
15.003284 1.88864
16.003376 1.88032
17.003732 1.88864
18.003824 1.88032
19.00418 1.88864
20.004272 1.88032
21.004628 1.88864
22.00472 1.88032
23.005076 1.88864
24.005168 1.88032
25.005524 1.88864
26.005616 1.88032
27.005972 1.88864
28.006064 1.88032
29.00642 1.88864
30.006512 1.88032
31.006868 1.88864
32.00696 1.88032
33.007316 1.88864
34.007408 1.88032
35.007764 1.88864
36.007856 1.88032
37.008212 1.88864
38.008304 1.88032
39.00866 1.88864
40.008752 1.88032
41.009108 1.88864
42.0092 1.88032
43.009556 1.88864
44.009648 1.88032
45.010004 1.88864
46.010096 1.88032
47.010452 1.88864
48.010544 1.88032
49.0109 1.88864
