1.0 0
2.00024 10.528547999999953
3.000596 23.766280000000087
4.000688 36.94569600000007
5.001044 50.18342799999957
6.001136 63.36284399999908
7.001492 76.60057600000012
8.001584 89.77999200000123
9.00194 103.01772400000235
10.002032 116.19714000000346
11.002388 129.43487200000422
12.00248 142.61428800000212
13.002836 155.85202
14.002928 169.0314359999979
15.003284 182.2691679999958
16.003376 195.4485839999937
17.003732 208.6863159999916
18.003824 221.8657319999895
19.00418 235.10346399998738
20.004272 248.28287999998528
21.004628 261.5206119999832
22.00472 274.7000279999811
23.005076 287.937759999979
24.005168 301.1171759999769
25.005524 314.3549079999748
26.005616 327.5343239999727
27.005972 340.7720559999706
28.006064 353.9514719999685
29.00642 367.18920399996637
30.006512 380.36861999996427
31.006868 393.60635199996216
32.00696 406.78576799996006
33.007316 420.02349999995795
34.007408 433.20291599995585
35.007764 446.44064799995374
36.007856 459.62006399995164
37.008212 472.85779599994953
38.008304 486.03721199994743
39.00866 499.2749439999453
40.008752 512.4543599999432
41.009108 525.6920919999411
42.0092 538.871507999939
43.009556 552.1092399999369
44.009648 565.2886559999348
45.010004 578.5263879999327
46.010096 591.7058039999306
47.010452 604.9435359999285
48.010544 618.1229519999264
49.0109 631.3606839999243
