2.00024 0.9392523364485982
3.000596 0.9705215419501134
4.000688 0.9805097451274363
5.001044 0.9854586129753915
6.001136 0.9883928571428572
7.001492 0.9903489235337788
8.001584 0.9917355371900827
9.00194 0.9927777777777778
10.002032 0.993583415597236
11.002388 0.9942299156679982
12.00248 0.9947559499798305
13.002836 0.9951958610495196
14.002928 0.9955661664392906
15.003284 0.9958847736625515
16.003376 0.9961595273264402
17.003732 0.9964008859357697
18.003824 0.9966128191766546
19.00418 0.9968019680196802
20.004272 0.9969704031694244
21.004628 0.9971226206285967
22.00472 0.9972596964586846
23.005076 0.9973848320257493
24.005168 0.9974985568597268
25.005524 0.9976032448377581
26.005616 0.9976991150442478
27.005972 0.9977879870682321
28.006064 0.9978699000491561
29.00642 0.9979462875197472
30.006512 0.9980170835875534
31.006868 0.9980834439038774
32.00696 0.9981452418319304
33.007316 0.9982034273079049
34.007408 0.9982578397212544
35.007764 0.9983092729873846
36.007856 0.9983575489576753
37.008212 0.9984033407025301
38.008304 0.9984464627151052
39.00866 0.9984874927283304
40.008752 0.9985262441900011
41.009108 0.9985632183908046
42.0092 0.9985982316152685
43.009556 0.9986317229765288
44.009648 0.9986635139302971
45.010004 0.9986939923648784
46.010096 0.9987229862475442
47.010452 0.9987508407802441
48.010544 0.9987773911407881
49.0109 0.9988029465930018
