2.00024 16.6432
3.000596 18.886400000000002
4.000688 18.8032
5.001044 18.886400000000002
6.001136 18.8032
7.001492 18.886400000000002
8.001584 18.8032
9.00194 18.886400000000002
10.002032 18.8032
11.002388 18.886400000000002
12.00248 18.8032
13.002836 18.886400000000002
14.002928 18.8032
15.003284 18.886400000000002
16.003376 18.8032
17.003732 18.886400000000002
18.003824 18.8032
19.00418 18.886400000000002
20.004272 18.8032
21.004628 18.886400000000002
22.00472 18.8032
23.005076 18.886400000000002
24.005168 18.8032
25.005524 18.886400000000002
26.005616 18.8032
27.005972 18.886400000000002
28.006064 18.8032
29.00642 18.886400000000002
30.006512 18.8032
31.006868 18.886400000000002
32.00696 18.8032
33.007316 18.886400000000002
34.007408 18.8032
35.007764 18.886400000000002
36.007856 18.8032
37.008212 18.886400000000002
38.008304 18.8032
39.00866 18.886400000000002
40.008752 18.8032
41.009108 18.886400000000002
42.0092 18.8032
43.009556 18.886400000000002
44.009648 18.8032
45.010004 18.886400000000002
46.010096 18.8032
47.010452 18.886400000000002
48.010544 18.8032
49.0109 18.886400000000002
