1 0
2 0.01016
3 0.0628
4 0
5 0.01248
6 0
7 0.00168
8 0.01248
9 0.04632
10 0
11 0.01248
12 0
13 0.00167999
14 0.0108
15 0
16 0.00168002
17 0.0108
18 0
19 0.00167999
20 0.01248
21 0.02552
22 0
23 0.00832
24 0
25 0.00584
26 0.00664002
27 0
28 0.00167999
29 0.0108
30 0
31 0.00167999
32 0.0108
33 0
34 0.00168002
35 0.0108
36 0
37 0.00167999
38 0.0108
39 0
40 0.00167999
41 0.00664002
42 0
43 0.00584
44 0.00832
45 0.00663999
46 0
47 0.00832
48 0
49 0.00584
50 0.00248
51 0
52 0.00584
53 0.00663999
54 0
55 0.00167999
56 0.01248
57 0.00248
58 0
59 0.01248
60 0
61 0.00167996
62 0.0108
63 0
64 0.00168002
65 0.0108
66 0
67 0.00168002
68 0.0108
69 0
70 0.00167996
71 0.0108
72 0
73 0.00168002
74 0.0108
75 0
76 0.00168002
77 0.0107999
78 0
79 0.00168002
80 0.0108
81 0
82 0.00168002
83 0.0108
84 0
85 0.00168002
86 0.00663996
87 0
88 0.00584
89 0.00248003
90 0
91 0.00584
92 0.00831997
93 0.0108
94 0
95 0.00831997
96 0
97 0.00584
98 0.00248003
99 0
