1 0.07296
2 0.01248
3 0.06048
4 0.00832
5 0.01248
6 0.01248
7 0.03968
8 0.00416002
9 0.00832
10 0.01248
11 0.01248
12 0.01248
13 0.01248
14 0.01248
15 0.02496
16 0.00415999
17 0.00832
18 0.00832
19 0.00832
20 0.01248
21 0.00832
22 0.00831997
23 0.01248
24 0.01248
25 0.01248
26 0.01248
27 0.01248
28 0.01248
29 0.01248
30 0.01248
31 0.03328
32 0.00832003
33 0.01248
34 0.00831997
35 0.00831997
36 0.00832003
37 0.00831997
38 0.00832003
39 0.00831997
40 0.01248
41 0.01248
42 0.01248
43 0.01664
44 0.01664
45 0.01248
46 0.01248
47 0.01248
48 0.01248
49 0.01248
50 0.01248
51 0.03328
52 0.00831997
53 0.01248
54 0.00831997
55 0.00832003
56 0.00831997
57 0.00831997
58 0.00832003
59 0.00831997
60 0.01248
61 0.01248
62 0.01248
63 0.0166401
64 0.0166399
65 0.01248
66 0.01248
67 0.0124799
68 0.01248
69 0.01248
70 0.01248
71 0.03328
72 0.00831997
73 0.01248
74 0.00831997
75 0.00831997
76 0.00832009
77 0.00831997
78 0.00831997
79 0.00831997
80 0.01248
81 0.01248
82 0.01248
83 0.0166399
84 0.0166401
85 0.0124799
86 0.01248
87 0.01248
88 0.01248
89 0.01248
90 0.01248
91 0.0332799
92 0.00832009
93 0.0124799
94 0.00832009
95 0.00831997
96 0.00831997
97 0.00831997
98 0.00832009
99 0.00831997
