1 0
2 0.01016
3 0.0668
4 0
5 0.01248
6 0
7 0.00168
8 0.01248
9 0.05048
10 0
11 0.01248
12 0
13 0.00167999
14 0.0108
15 0
16 0.00168002
17 0.00663999
18 0
19 0.00584
20 0.00832
21 0.03384
22 0
23 0.01248
24 0
25 0.00168002
26 0.0108
27 0
28 0.00168002
29 0.0108
30 0
31 0.00167999
32 0.0108
33 0
34 0.00167999
35 0.0108
36 0
37 0.00168002
38 0.00663999
39 0
40 0.00416002
41 0
42 0.00167999
43 0.00832
44 0.00415999
45 0.02328
46 0
47 0.01248
48 0
49 0.00167999
50 0.01248
51 0.00248
52 0
53 0.01248
54 0
55 0.00168002
56 0.0108
57 0
58 0.00167996
59 0.0108
60 0
61 0.00168002
62 0.0108
63 0
64 0.00168002
65 0.0108
66 0
67 0.00167996
68 0.0108
69 0
70 0.00168002
71 0.0108
72 0
73 0.00168002
74 0.0108
75 0
76 0.00167996
77 0.00664002
78 0
79 0.00584
80 0.00247997
81 0
82 0.00584
83 0.00248003
84 0
85 0.00584
86 0.00247997
87 0
88 0.00584
89 0.00248003
90 0
91 0.00584
92 0.00831997
93 0.03992
94 0
95 0.01248
96 0
97 0.00168002
98 0.0108
99 0
