1.0 0.0
2.00064 0.47232472324723246
3.00104 0.48732394366197185
4.00144 0.4917793204238217
5.00216 0.493646931603136
6.00256 0.49517270971894445
7.00296 0.49599857727191893
8.00336 0.49658314350797267
9.00408 0.49688617993904866
10.00448 0.4973557409801387
11.00488 0.4976243268926196
12.00528 0.4978433815776862
13.006 0.49793769197016235
14.0064 0.4981791697013838
15.0068 0.49831068398528416
16.0072 0.4984244800784259
17.00792 0.4984583087318769
18.00832 0.4986115396482567
19.00872 0.4986893458379449
20.00912 0.4987588945887804
21.00984 0.4987690534806977
22.01024 0.498877973370568
23.01064 0.4989293361884368
24.01104 0.4989762023934113
25.01176 0.49897554383364573
26.01216 0.4990586167942764
27.01256 0.499095040823714
28.01296 0.4991287512100678
29.01368 0.4991227087766454
30.01408 0.4991891599697286
31.01448 0.49921632823656437
32.01488 0.4992417349105247
33.0156 0.4992329035417007
34.016 0.49928790707978604
35.0164 0.4993089468349765
36.0168 0.4993287789743743
37.01752 0.49931850477046663
38.01792 0.4993652137113838
39.01832 0.4993819869805257
40.01872 0.4993978966523054
41.01944 0.49938691920377765
42.01984 0.49942737892245437
43.02024 0.49944106322196
44.02064 0.49945410874153867
45.02136 0.4994428507076981
46.02176 0.4994784543705524
47.02216 0.4994898306237671
48.02256 0.499500721180517
49.02328 0.4995545511831555
